function [p,e,t]=Generate_the_initial_grid()
p=[-1,0,1,-1,0,1,-1,0,1;
    1,1,1,0,0,0,-1,-1,-1];
t=[1,2,2,5,4,7,5,8;
    4,4,5,6,7,8,8,9;
    2,5,3,3,5,5,6,6;
    1,1,1,1,1,1,1,1];
e=[1,2,3,6,9,8,7,4;
    2,3,6,9,8,7,4,1;
    0,0.5,0,0.5,0,0.5,0,0.5;
    0.5,1,0.5,1,0.5,1,0.5,1;
    1,1,2,2,3,3,4,4;
    1,1,1,1,1,1,1,1;
    0,0,0,0,0,0,0,0];
%pdemesh(p,e,t)